-1111.999511 -2031.968750 -151.968750 0.000000 57.771606 0.000000
-1111.999511 -2031.968750 -151.968750 0.000000 57.771606 0.000000
-1111.999511 -2031.968750 -151.968750 0.000000 57.771606 0.000000
-1101.313110 -1497.028198 -121.062774 0.000000 320.251464 0.000000
-640.777832 -2158.448974 -237.968750 0.000000 93.773803 0.000000
-448.031250 -2000.244506 -231.968750 0.000000 132.802734 0.000000
-224.031250 -1103.097045 -151.968750 0.000000 158.773193 0.000000
-228.031250 -665.099975 -150.968750 0.000000 180.823974 0.000000
-408.981597 -84.722694 -151.968750 0.000000 282.595825 0.000000
149.377761 -763.968750 -151.968750 0.000000 23.790893 0.000000
503.968750 -795.968750 -151.968750 0.000000 119.196166 0.000000
988.585083 -799.968750 -151.968750 0.000000 101.442260 0.000000
1071.968750 -656.006042 -151.968750 0.000000 191.343383 0.000000
1071.998413 -49.031250 -151.968750 0.000000 219.649658 0.000000
1071.315185 -171.757461 -151.968750 0.000000 168.755493 0.000000
1007.995605 2095.968750 0.031250 0.000000 193.562622 0.000000
1007.968750 2247.968750 0.031250 0.000000 222.956542 0.000000
544.031250 2144.006835 0.031250 0.000000 30.009155 0.000000
547.475219 2247.968750 0.031250 0.000000 344.447631 0.000000
995.968750 2543.977294 0.031250 0.000000 219.490356 0.000000
989.615295 2296.031250 0.031250 0.000000 147.348632 0.000000
556.031250 2543.968750 0.031250 0.000000 305.546264 0.000000
995.968750 2543.968750 128.031250 0.000000 200.544433 0.000000
1007.968750 2247.968750 128.031250 0.000000 235.722656 0.000000
1007.999633 2095.995361 128.031250 0.000000 182.636718 0.000000
935.306945 1881.187500 128.031250 0.000000 143.887939 0.000000
489.083160 2573.993652 8.031250 0.000000 221.698608 0.000000
495.999481 2398.010009 0.031250 0.000000 171.293334 0.000000
-311.968750 2543.999755 8.031250 0.000000 314.560546 0.000000
-304.882141 2337.231689 8.031250 0.000000 49.350585 0.000000
-615.968750 2159.997314 8.031250 0.000000 266.709594 0.000000
-559.820739 1583.968750 -7.968751 0.000000 251.893310 0.000000
-655.968750 1183.519042 -55.968750 0.000000 17.941894 0.000000
-433.351623 1187.718505 -55.968750 0.000000 107.875976 0.000000
-480.121582 1606.696899 -151.968750 0.000000 314.015502 0.000000
-314.329254 1358.473388 -151.968750 0.000000 114.603881 0.000000
-373.594024 1790.750732 -151.968750 0.000000 303.469848 0.000000
-5.579178 1439.861083 -151.968750 0.000000 137.037963 0.000000
-170.961044 608.011840 -150.972610 0.000000 84.325561 0.000000
-958.946777 852.252319 -151.502838 0.000000 120.536499 0.000000
-751.716613 871.169494 -151.968750 0.000000 16.018066 0.000000
-1285.116699 1311.968750 -153.968750 0.000000 306.514282 0.000000
-1461.771728 152.166015 -151.600311 0.000000 50.465698 0.000000
-1268.413574 -35.968750 -151.968750 0.000000 24.439086 0.000000
-901.129699 81.139785 -151.968750 0.000000 233.173828 0.000000
-1126.098999 -202.208190 -151.968750 0.000000 325.614013 0.000000
-1135.792968 -399.566711 -151.968750 0.000000 358.555297 0.000000
-1126.827026 -635.997863 -151.968750 0.000000 53.107910 0.000000
-1055.968750 -1023.892150 -151.968750 0.000000 29.642333 0.000000
-991.968750 -1177.189575 -151.968750 0.000000 62.852783 0.000000
-1519.803588 49.031250 8.031250 0.000000 44.093627 0.000000
-1391.968750 -35.972961 8.031250 0.000000 70.405883 0.000000
-1504.150390 1326.678710 8.031250 0.000000 323.580322 0.000000
-1095.968750 1389.529541 0.031250 0.000000 280.722656 0.000000
-968.031250 1372.114868 0.031250 0.000000 246.191406 0.000000
-1095.968750 1112.031250 0.031250 0.000000 52.498168 0.000000
-720.281066 739.732482 8.031250 0.000000 307.342529 0.000000
-464.737915 610.916320 8.031250 0.000000 17.941894 0.000000
-272.031250 592.031250 8.031250 0.000000 157.186889 0.000000
-709.027770 152.031250 8.031250 0.000000 3.901367 0.000000
-468.774017 152.031250 8.031250 0.000000 114.993896 0.000000
-282.944213 -91.716178 -31.968750 0.000000 256.492309 0.000000
