-1256.031250 1120.251220 101.564651 0.000000 145.437011 0.000000
-1144.031250 560.031250 73.269721 0.000000 155.236816 0.000000
-1947.957275 1220.380126 56.937339 0.000000 304.013671 0.000000
-2038.631103 -474.968750 77.780014 0.000000 108.627319 0.000000
-2268.968750 216.968750 87.052391 0.000000 312.462158 0.000000
-1706.031250 216.968750 99.805915 0.000000 234.299926 0.000000
-647.633544 1515.980102 32.107433 0.000000 335.720214 0.000000
-66.031250 1515.968750 37.118061 0.000000 204.444580 0.000000
-82.031250 1018.031250 70.031250 0.000000 144.558105 0.000000
-1171.567382 1159.716430 52.907909 0.000000 316.823730 0.000000
-343.968750 634.003601 85.561904 0.000000 54.799804 0.000000
-13.968750 582.367858 69.860404 0.000000 62.281494 0.000000
-13.968750 904.140136 70.182144 0.000000 313.209228 0.000000
572.031250 400.265747 125.458343 0.000000 32.975463 0.000000
743.989196 -318.968750 142.303588 0.000000 97.229003 0.000000
624.031250 -318.968750 137.813674 0.000000 41.000976 0.000000
1383.968750 -406.031250 62.163391 0.000000 229.932861 0.000000
1096.293579 -632.011474 15.811313 0.000000 232.261962 0.000000
624.031250 -482.031250 125.823577 0.000000 311.940307 0.000000
64.031250 -903.968750 156.027587 0.000000 68.439331 0.000000
57.968750 -676.031250 159.047271 0.000000 194.902954 0.000000
-140.031250 -859.968750 153.031250 0.000000 140.355834 0.000000
-284.031250 -806.006286 37.399246 0.000000 184.273681 0.000000
-140.026870 -116.020210 68.031150 0.000000 216.914062 0.000000
-140.010498 -293.968750 68.000213 0.000000 164.415893 0.000000
-390.031250 197.968750 174.031250 0.000000 237.244262 0.000000
-629.994873 197.968750 171.031250 0.000000 279.261474 0.000000
-349.373229 483.968750 176.974151 0.000000 209.212646 0.000000
-713.968750 313.991241 176.393768 0.000000 31.184692 0.000000
-687.968750 913.983703 109.216369 0.000000 313.059692 0.000000
-687.931823 722.031250 106.365974 0.000000 13.145141 0.000000
-114.145050 913.968750 83.572402 0.000000 187.805786 0.000000
397.984832 782.004394 111.599243 0.000000 169.277343 0.000000
498.031250 782.040405 114.835830 0.000000 358.368530 0.000000
1307.739624 240.005554 131.031250 0.000000 151.677246 0.000000
1395.968750 516.031250 131.926574 0.000000 141.844482 0.000000
1395.997192 945.968750 129.415039 0.000000 235.744628 0.000000
464.020324 292.968750 154.112274 0.000000 294.642333 0.000000
320.031250 -183.989791 162.277755 0.000000 22.769165 0.000000
519.968750 -563.968750 191.954772 0.000000 147.870483 0.000000
-151.968750 -412.031250 182.031250 0.000000 332.517700 0.000000
-1027.968750 -654.028259 49.524040 0.000000 335.484008 0.000000
-1205.968750 -792.002319 45.830947 0.000000 304.727783 0.000000
-2143.968750 -820.031250 -19.968750 0.000000 330.287475 0.000000
-383.968750 -2531.070068 -153.943695 0.000000 91.631469 0.000000
-603.212951 -2441.869140 -163.628692 0.000000 71.504516 0.000000
-216.031250 -1640.031250 -140.424697 0.000000 220.753784 0.000000
-513.770019 -2011.992187 -146.968750 0.000000 122.372436 0.000000
488.031250 -2043.016235 -169.136260 0.000000 64.857788 0.000000
1255.968750 -1044.031250 24.960321 0.000000 220.792236 0.000000
944.008178 -1044.031250 12.733703 0.000000 316.779785 0.000000
520.907531 -1472.433959 -2.000820 0.000000 324.651489 0.000000
1383.968750 -859.968750 1.298950 0.000000 118.465576 0.000000
-1456.210327 1487.968750 108.758705 0.000000 315.747070 0.000000
-2143.968750 1227.968750 132.178894 0.000000 283.562622 0.000000
-1668.031250 477.070190 175.508514 0.000000 153.215332 0.000000
-1821.510253 380.003692 178.955764 0.000000 115.328979 0.000000
-991.968750 -76.031250 101.531044 0.000000 311.786499 0.000000
-390.004608 -34.630916 174.031250 0.000000 238.441772 0.000000
-268.010772 -395.004150 164.031250 0.000000 150.946655 0.000000
-707.964599 475.853881 175.147415 0.000000 311.286621 0.000000
-1044.031250 670.031250 81.031250 0.000000 165.580444 0.000000
-1563.968750 -359.968750 108.154922 0.000000 72.125244 0.000000
-1178.001220 -359.968750 108.888465 0.000000 137.570800 0.000000
-312.211120 -689.968750 34.031402 0.000000 131.610717 0.000000
338.019897 -736.001037 186.031250 0.000000 339.889526 0.000000
1255.968750 -1479.968750 30.014307 0.000000 144.909667 0.000000
-1559.968750 35.968750 107.548164 0.000000 332.270507 0.000000
-1178.031250 35.999542 109.040420 0.000000 235.931396 0.000000
-349.051239 302.019531 175.031250 0.000000 152.819824 0.000000
