-2863.968750 560.031250 0.031250 0.000000 53.009033 0.000000
-3031.040039 75.968750 32.031250 0.000000 224.593505 0.000000
-3076.212646 -97.001510 -29.968750 0.000000 226.988525 0.000000
-2479.997070 -1913.051635 8.679515 0.000000 20.242309 0.000000
-1928.274291 -1405.036376 0.031250 0.000000 77.618408 0.000000
-2353.152343 -32.031250 -246.671066 0.000000 294.433593 0.000000
-1828.666748 -989.134521 0.031250 0.000000 107.431030 0.000000
-1708.649902 -801.529052 0.031250 0.000000 263.424682 0.000000
-1799.432739 -822.140380 0.031250 0.000000 337.653808 0.000000
-860.031250 -402.031250 8.031250 0.000000 244.396362 0.000000
-804.904357 -452.031250 -31.968750 0.000000 237.716674 0.000000
-1325.968750 607.968750 0.031250 0.000000 274.218750 0.000000
-1568.031250 1728.024780 6.363441 0.000000 157.131958 0.000000
-1130.024414 2755.979003 320.031250 0.000000 248.236083 0.000000
-847.113098 2407.244628 -174.803710 0.000000 227.911376 0.000000
-886.856811 2187.157470 -174.706848 0.000000 159.900512 0.000000
-2669.137939 2451.320068 16.031250 0.000000 2.697143 0.000000
-2639.584716 1477.827392 0.031250 0.000000 34.112548 0.000000
-2479.987548 544.008300 -215.977233 0.000000 23.225097 0.000000
-2671.968750 912.006652 -190.977233 0.000000 48.504638 0.000000
-2543.988281 784.031250 -232.944229 0.000000 24.609375 0.000000
-2139.115234 296.148773 -239.968750 0.000000 267.824707 0.000000
-2575.968750 48.031250 -239.968750 0.000000 58.469238 0.000000
-2569.775878 311.684051 -239.968750 0.000000 -34.690738 0.000000
-802.831542 -1045.154541 -122.448684 0.000000 27.441986 0.000000
-86.897468 -1203.616821 -120.802818 0.000000 34.213405 0.000000
-863.415954 -83.729103 128.031250 0.000000 -55.896080 0.000000
-510.568206 320.500122 0.031250 0.000000 -138.699768 0.000000
-1917.455688 795.401855 -177.390808 0.000000 139.448913 0.000000
-2856.742675 675.820861 0.031250 0.000000 -59.006652 0.000000
-2973.833007 -1230.116821 32.031250 0.000000 44.408069 0.000000
-2549.452148 -614.237304 26.106948 0.000000 -120.462730 0.000000
-2576.628173 -496.636291 -79.428405 0.000000 46.724815 0.000000
-1000.050476 724.773315 16.031250 0.000000 -42.161510 0.000000
-1561.482055 363.902313 0.031250 0.000000 57.214797 0.000000
-1576.257812 808.521789 64.031250 0.000000 -44.002761 0.000000
-1304.581787 886.496765 64.031250 0.000000 142.905441 0.000000
-3368.878662 -234.254013 -29.968750 0.000000 45.334884 0.000000
-2035.980957 51.304122 -239.968750 0.000000 140.352508 0.000000
-2040.773681 -47.297981 -233.384216 0.000000 -120.092910 0.000000
-1958.077148 -1491.568603 -2.833273 0.000000 -126.567306 0.000000
-1721.778076 -1634.480346 96.031250 0.000000 150.568862 0.000000
-1805.790649 -1060.307495 0.031250 0.000000 -100.135177 0.000000
-1044.963134 -739.565490 -95.588363 0.000000 -120.783233 0.000000
-1042.955200 -1225.404907 -87.968750 0.000000 153.977767 0.000000
-1123.176025 -599.715576 -31.968750 0.000000 37.494312 0.000000
-807.976013 -798.396484 -31.968750 0.000000 62.834426 0.000000
-458.696289 -694.692810 -31.968750 0.000000 138.984909 0.000000
-655.056762 -521.835083 -31.968750 0.000000 -41.329990 0.000000
490.000457 -299.936096 -76.967864 0.000000 -123.955009 0.000000
-146.548294 -21.070859 -31.968750 0.000000 -27.905761 0.000000
-684.171386 -321.483947 -29.380725 0.000000 36.543273 0.000000
-532.076110 723.145568 16.031250 0.000000 -133.103195 0.000000
-1347.762817 1897.364624 -17.144741 0.000000 147.477981 0.000000
-1379.102539 2639.181396 -63.968750 0.000000 -141.243286 0.000000
-2687.788085 1824.576660 16.031250 0.000000 29.650508 0.000000
-2832.796875 1379.788574 0.031250 0.000000 -59.450050 0.000000
-3285.509033 236.853302 0.031250 0.000000 32.144760 0.000000
-3455.445312 -633.356750 32.031250 0.000000 54.099308 0.000000
-2971.410644 -445.691131 11.282437 0.000000 -53.094234 0.000000
-2069.138183 -1957.942138 -13.398059 0.000000 132.887176 0.000000
-1601.552856 -1345.969238 0.031250 0.000000 59.200618 0.000000
789.955810 -105.999992 0.031250 0.000000 -170.503036 0.000000
-999.962463 408.013946 0.031250 0.000000 38.238708 0.000000
-2557.430908 2623.910644 16.031250 0.000000 -45.858940 0.000000
-2700.689208 351.753509 0.031250 0.000000 148.764099 0.000000
-2044.787719 553.718750 -177.213729 0.000000 134.904006 0.000000
-1296.031250 1583.968750 64.031250 0.000000 -127.795074 0.000000
-975.993896 -15.999222 128.031250 0.000000 79.119277 0.000000
