-1715.317871 1030.218627 1614.031250 0.000000 -25.755527 0.000000
-1259.342773 504.096954 1614.031250 0.000000 149.979858 0.000000
-1757.971191 713.552246 1614.031250 0.000000 316.735839 0.000000
-1734.082031 472.461395 1614.031250 0.000000 24.054565 0.000000
-1742.968750 385.968750 1615.029418 0.000000 331.215820 0.000000
-1733.906372 -77.151435 1621.171264 0.000000 37.957763 0.000000
-1460.477539 -220.686050 1613.318115 0.000000 80.419921 0.000000
-1130.948608 373.306518 1614.363769 0.000000 237.370605 0.000000
-380.031250 162.968750 1665.031250 0.000000 197.907714 0.000000
-535.872558 -104.005470 1665.031250 0.000000 38.182983 0.000000
-466.031250 -439.069549 1614.031250 0.000000 145.898437 0.000000
-1066.968750 -376.968750 1614.031250 0.000000 52.761840 0.000000
-1066.968750 -15.831253 1624.026123 0.000000 319.899902 0.000000
-669.031250 -1062.968750 1614.031250 0.000000 106.627807 0.000000
-1077.968750 -783.031250 1617.734497 0.000000 324.706420 0.000000
360.031250 -1117.485229 1614.031250 0.000000 43.676147 0.000000
257.031250 -833.968750 1614.077758 0.000000 39.495849 0.000000
195.891860 -1120.005249 1659.031250 0.000000 213.310546 0.000000
-311.968750 -472.031250 1796.031250 0.000000 294.933471 0.000000
-597.823547 -755.201049 1796.031250 0.000000 35.930786 0.000000
204.968750 -473.031250 1613.031250 0.000000 224.428710 0.000000
-409.968750 -1231.140380 1613.031250 0.000000 31.118774 0.000000
-135.968750 -1454.867187 1659.031250 0.000000 77.937011 0.000000
192.889114 -1451.781860 1659.031250 0.000000 117.164367 0.000000
181.044723 -999.316162 1590.541259 0.000000 133.829345 0.000000
-383.598480 -716.211303 1613.031250 0.000000 -41.337673 0.000000
-288.400543 -481.301116 1613.031250 0.000000 -29.985696 0.000000
-403.539276 -407.816558 1614.760131 0.000000 49.312133 0.000000
408.152557 -398.820861 1614.024780 0.000000 -174.096710 0.000000
528.358703 -557.092346 1614.024780 0.000000 -159.939727 0.000000
473.436431 -1232.083129 1620.743164 0.000000 338.928222 0.000000
481.031250 -1455.966674 1618.269165 0.000000 40.885620 0.000000
1148.580078 -1440.943969 1617.326049 0.000000 135.703125 0.000000
972.004394 -1432.835327 1614.031250 0.000000 87.659233 0.000000
873.756042 -393.890411 1614.031250 0.000000 47.861274 0.000000
872.031250 -188.026519 1612.031250 0.000000 310.687866 0.000000
1316.968750 -402.968750 1612.031250 0.000000 138.532104 0.000000
1311.386840 -207.090606 1614.031250 0.000000 -162.945800 0.000000
835.031250 462.968750 1613.076171 0.000000 300.921020 0.000000
1082.968750 462.968750 1613.031250 0.000000 225.834960 0.000000
852.590332 -129.162048 1613.031250 0.000000 52.712402 0.000000
1305.188354 1603.968750 1707.031250 0.000000 239.249267 0.000000
1017.031250 1603.968750 1710.031250 0.000000 306.787719 0.000000
1255.031250 336.087860 1613.031250 0.000000 327.167358 0.000000
1710.968750 462.968750 1613.031372 0.000000 221.127319 0.000000
1710.968750 -72.497352 1613.031250 0.000000 147.579345 0.000000
841.358337 66.714889 1613.033081 0.000000 342.976684 0.000000
3284.762207 353.214660 1620.458374 0.000000 213.601684 0.000000
1527.155639 -504.740417 1623.802978 0.000000 318.037719 0.000000
779.968750 577.995361 1613.031250 0.000000 231.833496 0.000000
542.111511 760.727050 1779.673095 0.000000 273.345336 0.000000
530.429382 691.022949 1614.571533 0.000000 280.299682 0.000000
703.771789 701.731933 1849.403564 0.000000 247.148437 0.000000
1579.845825 -1011.494689 1627.132812 0.000000 49.476928 0.000000
1790.724365 851.840942 1623.472778 0.000000 227.559814 0.000000
1037.031250 516.037048 1613.736816 0.000000 44.285888 0.000000
2283.938476 348.592041 1613.239379 0.000000 235.557861 0.000000
1790.833862 -149.489578 1629.961669 0.000000 70.246582 0.000000
2737.031250 367.968750 1623.599121 0.000000 301.948242 0.000000
3277.838134 -411.377563 1657.769042 0.000000 143.745117 0.000000
2057.495361 -508.783233 1620.084472 0.000000 324.475708 0.000000
2463.055419 -915.939941 1615.406372 0.000000 186.427001 0.000000
1455.968750 -836.975219 1614.077514 0.000000 139.389038 0.000000
112.201301 -126.470886 1616.253540 0.000000 167.091064 0.000000
-317.251434 965.645324 1694.031250 0.000000 314.626464 0.000000
140.451797 1293.241455 1687.031250 0.000000 133.401489 0.000000
430.141418 1935.927612 1751.031250 0.000000 269.472656 0.000000
428.651306 2022.968750 1875.031250 0.000000 232.910156 0.000000
462.926177 1292.548339 1687.016357 0.000000 124.497070 0.000000
784.385375 2000.526123 1702.031250 0.000000 -109.614761 0.000000
929.781677 1560.881225 1702.031250 0.000000 190.958862 0.000000
533.486083 1207.936767 1702.031250 0.000000 328.760375 0.000000
153.031250 2253.968750 1688.031250 0.000000 327.584838 0.000000
1031.146972 2079.345214 1717.031250 0.000000 -176.871963 0.000000
1302.968750 1666.000854 1703.037719 0.000000 134.077148 0.000000
-281.479248 2164.737060 1687.031494 0.000000 334.352416 0.000000
-1081.968750 1499.968750 1708.031250 0.000000 320.465698 0.000000
449.377868 1291.075683 1850.031250 0.000000 142.569580 0.000000
-85.345382 1829.438110 1687.031250 0.000000 146.898193 0.000000
-513.476318 -176.031250 1614.031250 0.000000 223.270874 0.000000
