482.340850 2523.248535 -126.968750 0.000000 79.780372 0.000000
216.031250 2543.968750 -126.968750 0.000000 138.626480 0.000000
93.896652 2523.723388 -126.968750 0.000000 162.188568 0.000000
74.111312 2362.086914 -126.968750 0.000000 156.380569 0.000000
-92.560424 2273.096923 -126.920387 0.000000 132.765335 0.000000
-59.716571 2000.002685 -124.280960 0.000000 -143.661575 0.000000
-164.283386 2000.031250 -120.345779 0.000000 -106.423652 0.000000
-243.971481 2268.129638 -121.967742 0.000000 58.718906 0.000000
-337.713256 2379.907958 -99.134086 0.000000 67.231391 0.000000
-750.036010 2559.050537 -71.571365 0.000000 -38.712722 0.000000
-1069.040283 2602.869628 137.356246 0.000000 166.634277 0.000000
-1215.968750 2068.047607 5.196779 0.000000 148.172393 0.000000
-1362.139770 2096.195800 8.278953 0.000000 94.736328 0.000000
-1360.000854 2566.443115 5.379726 0.000000 84.473739 0.000000
-1367.319335 2761.121582 10.851772 0.000000 -38.283214 0.000000
-1444.490966 2680.690673 6.505237 0.000000 -171.069702 0.000000
-1984.031250 3113.341064 32.031250 0.000000 -73.584960 0.000000
-2091.968750 3119.999511 32.031250 0.000000 158.823867 0.000000
-2091.999755 2904.031250 32.031250 0.000000 -90.348991 0.000000
-2157.419433 2370.024414 6.924545 0.000000 -47.317062 0.000000
-2180.279541 2109.972412 12.087291 0.000000 -35.092903 0.000000
-2140.937255 1833.858886 15.482559 0.000000 -10.550157 0.000000
-1876.283447 1818.211303 1.426036 0.000000 -158.635040 0.000000
-1697.409545 1625.849243 21.463596 0.000000 2.105122 0.000000
-1625.853149 1650.804077 10.780975 0.000000 58.054885 0.000000
-2183.706787 1252.276123 32.031250 0.000000 44.128978 0.000000
-2161.338378 1040.031250 32.031250 0.000000 16.936979 0.000000
-1696.639038 1372.601928 32.031250 0.000000 -92.715324 0.000000
-1776.973999 980.024658 32.031250 0.000000 6.178894 0.000000
-1552.031250 976.031250 32.031250 0.000000 88.711906 0.000000
-1185.312622 1261.968750 32.031250 0.000000 -77.395927 0.000000
-1218.006347 1261.968750 106.023376 0.000000 -40.347900 0.000000
-1175.968750 1328.031250 -111.968750 0.000000 -22.239906 0.000000
-1191.175781 1495.968750 -71.860771 0.000000 -10.680936 0.000000
-873.023254 1352.031250 -111.968750 0.000000 57.946949 0.000000
-761.478942 1328.031250 -111.968750 0.000000 -132.718170 0.000000
-589.612670 1328.031250 -111.968750 0.000000 -141.070236 0.000000
-584.031250 1519.905395 -111.968750 0.000000 -14.604991 0.000000
-276.306091 1492.031250 -124.362251 0.000000 -160.592300 0.000000
-492.768371 1594.495483 -121.068595 0.000000 -117.328491 0.000000
-575.968750 1683.045898 -105.561950 0.000000 83.074966 0.000000
-339.231628 1669.921630 -126.346931 0.000000 -50.575126 0.000000
-272.031250 1770.601806 -127.066856 0.000000 -97.133056 0.000000
-272.031250 1355.968750 -100.899826 0.000000 -71.728065 0.000000
-623.968750 623.968750 30.940361 0.000000 -108.118179 0.000000
-703.364074 483.568969 10.219507 0.000000 -143.373550 0.000000
-703.382507 272.031250 8.230590 0.000000 -91.955375 0.000000
-602.196289 220.756393 11.082500 0.000000 39.748847 0.000000
-492.895263 -29.354946 2.031250 0.000000 -89.958366 0.000000
-495.968750 -249.934616 2.031250 0.000000 150.163558 0.000000
-547.968750 -511.380065 18.312500 0.000000 1.336753 0.000000
-493.805847 -591.997375 2.031250 0.000000 -135.614288 0.000000
399.968750 -703.571044 5.187383 0.000000 -134.533294 0.000000
399.968750 -845.846862 20.792175 0.000000 97.942611 0.000000
-144.031250 -996.149230 80.581069 0.000000 169.870758 0.000000
-591.968750 -993.554077 174.954605 0.000000 125.533615 0.000000
-724.984191 -604.773559 156.031250 0.000000 -173.894638 0.000000
-856.950927 -665.426818 145.705429 0.000000 167.870681 0.000000
-867.581054 -950.883300 152.926925 0.000000 -174.493270 0.000000
-976.031250 -999.968750 155.153427 0.000000 -166.262115 0.000000
-1135.069335 -999.968750 157.304687 0.000000 132.474395 0.000000
-1128.410766 -181.160934 149.370162 0.000000 104.126167 0.000000
-976.031250 -190.313980 160.306793 0.000000 47.415699 0.000000
-1459.328125 -985.071411 144.782791 0.000000 -130.493255 0.000000
-2158.747802 -926.999023 143.684875 0.000000 105.668380 0.000000
-2153.680419 -706.141235 155.862792 0.000000 2.102006 0.000000
-2055.968750 -144.031250 25.424728 0.000000 86.801391 0.000000
-1531.236450 -111.999893 32.742519 0.000000 -3.117529 0.000000
-1383.255126 11.187083 21.156682 0.000000 -123.812370 0.000000
-1293.736083 157.742691 11.460095 0.000000 135.498245 0.000000
-1264.031250 274.558197 8.422523 0.000000 29.598094 0.000000
-1328.031250 574.791625 32.031250 0.000000 176.741058 0.000000
-1428.331909 642.654846 32.031250 0.000000 84.309997 0.000000
-1897.480712 687.968750 32.031250 0.000000 43.861137 0.000000
-2055.901855 591.968750 32.031250 0.000000 -8.154931 0.000000
-91.505760 1583.968750 0.031250 0.000000 -41.606811 0.000000
390.085754 1360.010375 0.031250 0.000000 -12.281311 0.000000
482.602874 1457.380981 0.031250 0.000000 -37.628410 0.000000
416.009033 1775.968750 0.031250 0.000000 52.017230 0.000000
490.458770 1756.151855 0.031250 0.000000 -20.666818 0.000000
483.223083 1937.245605 96.031250 0.000000 43.868679 0.000000
272.031250 2767.996582 140.328430 0.000000 160.752593 0.000000
563.968750 2768.529785 96.031250 0.000000 -38.603031 0.000000
895.440795 2735.968750 96.031250 0.000000 -59.118747 0.000000
1045.452636 3055.968750 166.232681 0.000000 -16.185457 0.000000
1328.031250 3055.966064 145.997070 0.000000 -14.124835 0.000000
1546.968750 3039.999511 133.083770 0.000000 -68.838836 0.000000
1775.968750 2236.225830 75.780525 0.000000 -84.333679 0.000000
1733.858032 1808.844116 48.329483 0.000000 -173.646850 0.000000
1007.992248 2370.872070 28.248033 0.000000 73.978698 0.000000
560.002014 2383.968750 29.770421 0.000000 -44.880817 0.000000
1036.494262 1199.968750 0.752078 0.000000 170.776672 0.000000
916.031250 1199.990234 40.139225 0.000000 177.050796 0.000000
699.994750 1192.231689 11.256214 0.000000 72.716789 0.000000
528.031250 789.876281 2.084839 0.000000 -114.825302 0.000000
978.605407 289.760437 10.320478 0.000000 -90.836158 0.000000
1219.538452 215.808563 11.197322 0.000000 -14.751525 0.000000
1296.003173 176.031250 -186.024200 0.000000 -94.091964 0.000000
1572.765380 178.655044 -159.285430 0.000000 -12.157923 0.000000
1772.968750 1003.968750 137.275619 0.000000 -111.811065 0.000000
1773.994628 542.471191 64.031250 0.000000 -76.979804 0.000000
1743.968750 336.031250 64.031250 0.000000 -56.485729 0.000000
737.990600 566.218627 0.907079 0.000000 -9.306941 0.000000
533.452331 350.555541 10.019452 0.000000 -135.537200 0.000000
528.002746 679.651245 0.738271 0.000000 51.815662 0.000000
751.987792 350.454772 2.234101 0.000000 -137.959075 0.000000
740.769042 237.860229 14.483739 0.000000 -1.145254 0.000000
744.155517 -353.872558 16.071208 0.000000 -71.600944 0.000000
719.467041 -399.847686 14.181075 0.000000 -37.805648 0.000000
571.533264 -400.657531 9.007943 0.000000 -177.695312 0.000000
144.031250 -123.477607 44.139221 0.000000 -5.247474 0.000000
185.623138 -50.954212 135.549346 0.000000 54.293636 0.000000
147.459472 8.702692 6.404182 0.000000 79.967689 0.000000
487.991119 1360.002075 80.031250 0.000000 142.450775 0.000000
