851.919006 1890.902587 133.428573 0.000000 146.502273 0.000000
2575.968750 55.132102 212.031250 0.000000 -152.693206 0.000000
1999.128540 680.661071 160.031250 0.000000 -117.186912 0.000000
1823.702758 287.555419 160.031250 0.000000 19.328851 0.000000
1191.424072 355.392425 128.031250 0.000000 -31.869663 0.000000
1027.956665 37.083992 256.031250 0.000000 -22.714315 0.000000
1006.149780 -251.694015 256.031250 0.000000 59.329593 0.000000
294.881988 -678.992065 96.031250 0.000000 46.754680 0.000000
662.003295 7.688885 93.411827 0.000000 -140.226333 0.000000
469.907135 2476.315185 160.031234 0.000000 96.465263 0.000000
35.614475 2617.743896 160.031234 0.000000 42.154060 0.000000
1003.860290 3477.154052 128.031250 0.000000 -149.948074 0.000000
1325.658203 2644.936523 142.653305 0.000000 115.222938 0.000000
1303.728393 1234.072143 166.017303 0.000000 -48.388996 0.000000
1317.699340 823.283569 146.344955 0.000000 -56.469303 0.000000
1843.565063 675.398132 160.031250 0.000000 298.509521 0.000000
916.681945 -754.043457 104.478683 0.000000 119.388427 0.000000
847.964904 -747.682861 94.256988 0.000000 167.200927 0.000000
-417.495697 352.749969 185.031250 0.000000 275.339355 0.000000
-457.198974 497.097717 40.031250 0.000000 140.894165 0.000000
-835.972656 754.764953 -23.619907 0.000000 278.574829 0.000000
-960.204345 169.350143 0.031250 0.000000 300.816650 0.000000
-1678.077758 307.572479 -62.453861 0.000000 349.722290 0.000000
-1682.989135 712.210388 -50.094112 0.000000 302.827148 0.000000
-1435.392456 778.392822 -46.330722 0.000000 266.390991 0.000000
-82.031852 174.664413 184.031250 0.000000 325.167846 0.000000
203.401092 96.831932 184.031250 0.000000 200.857543 0.000000
8.568453 358.631622 184.031250 0.000000 194.057006 0.000000
-201.949951 100.258590 184.031250 0.000000 95.482177 0.000000
-247.313232 374.046447 184.031250 0.000000 323.882446 0.000000
-392.600982 -558.416320 192.031250 0.000000 87.363281 0.000000
-265.082702 -381.669372 192.031250 0.000000 339.356689 0.000000
-718.881652 -416.774963 -1.308734 0.000000 89.110107 0.000000
-1223.651733 -328.279968 0.031250 0.000000 6.937866 0.000000
-1504.773803 -146.465408 -63.968750 0.000000 86.006469 0.000000
-1246.126708 532.373413 -55.968750 0.000000 0.208740 0.000000
-541.829040 895.498718 24.031250 0.000000 353.715820 0.000000
179.273132 447.039093 66.754928 0.000000 95.811767 0.000000
80.510414 703.702148 71.754180 0.000000 84.325561 0.000000
495.538635 494.115875 83.577033 0.000000 358.928833 0.000000
804.048217 659.463439 89.409988 0.000000 335.494995 0.000000
667.093566 3096.078369 160.031250 0.000000 359.412231 0.000000
663.718261 3225.198242 160.031250 0.000000 343.504028 0.000000
721.954345 3566.065185 147.153198 0.000000 228.828735 0.000000
459.039855 3575.557128 160.031250 0.000000 288.956909 0.000000
284.014648 3129.486083 160.031250 0.000000 309.353027 0.000000
21.364084 3195.643066 160.031250 0.000000 306.051635 0.000000
737.445190 2935.770019 129.448852 0.000000 268.038940 0.000000
2556.514160 -48.543418 84.031250 0.000000 173.973999 0.000000
2575.343750 -448.221405 85.189117 0.000000 161.630859 0.000000
2090.742919 -464.777618 85.031250 0.000000 87.313842 0.000000
1621.557983 2952.108398 134.151535 0.000000 271.351318 0.000000
2231.988525 2834.343505 152.031250 0.000000 185.125122 0.000000
2403.874755 2591.236328 128.031250 0.000000 264.193725 0.000000
2360.663574 1820.419311 128.031250 0.000000 266.770019 0.000000
2577.706298 1485.562011 160.031250 0.000000 260.760498 0.000000
2461.053955 941.266723 161.231567 0.000000 180.505371 0.000000
2540.162353 521.459228 213.066024 0.000000 229.240722 0.000000
1395.050170 -73.929092 130.031250 0.000000 89.154052 0.000000
1635.534301 1650.371948 160.031250 0.000000 46.647949 0.000000
2020.799438 -194.219619 256.031250 0.000000 87.429199 0.000000
-39.830650 1382.422729 100.803367 0.000000 359.549560 0.000000
513.231445 2076.706787 132.650695 0.000000 240.056762 0.000000
311.654571 2482.428955 160.031250 0.000000 86.594238 0.000000
-960.291076 -431.401184 0.031250 0.000000 90.324096 0.000000
-522.666748 -25.232982 8.061668 0.000000 346.470336 0.000000
-176.677673 -212.079025 30.975959 0.000000 157.005615 0.000000
1196.820922 3225.448730 128.031250 0.000000 273.944091 0.000000
910.985107 2199.410156 140.031250 0.000000 183.502807 0.000000
246.888473 1244.465942 106.031250 0.000000 103.167114 0.000000
919.725646 128.258529 158.031250 0.000000 91.087646 0.000000
2620.002197 1238.831420 160.031250 0.000000 200.852050 0.000000
1011.584777 3097.038574 128.031250 0.000000 114.417114 0.000000
523.138427 3137.108642 206.031250 0.000000 281.271972 0.000000
