-2031.992065 -1764.926635 -288.912506 0.000000 -71.478935 0.000000
-2011.229003 -2029.968750 -295.551177 0.000000 13.423105 0.000000
-1550.403198 -2387.736083 -241.791870 0.000000 -4.686908 0.000000
-1419.702392 -2160.472656 -239.679504 0.000000 66.456611 0.000000
-1430.848144 -1593.787597 -248.573806 0.000000 23.246517 0.000000
-1708.114501 -1238.506347 -255.360931 0.000000 41.812644 0.000000
-1694.050903 -773.800231 -167.969055 0.000000 6.869062 0.000000
-1473.713012 -782.827148 -167.969055 0.000000 -68.420661 0.000000
-1438.960937 -1174.968750 -167.968750 0.000000 80.222038 0.000000
-1304.212890 -1159.787475 -167.968750 0.000000 5.732000 0.000000
-1123.271118 -1172.851074 -167.968750 0.000000 77.189353 0.000000
-1120.031250 -456.031250 -167.968750 0.000000 -94.777114 0.000000
-1262.685791 -1526.968750 -150.029006 0.000000 70.453910 0.000000
-1104.948608 -1526.968750 -157.379470 0.000000 18.247941 0.000000
-873.961791 -1304.723266 -167.976242 0.000000 -30.856069 0.000000
-807.968750 -1227.778076 -167.976242 0.000000 61.596878 0.000000
-520.031250 -1235.443603 -167.976242 0.000000 107.247688 0.000000
-520.000244 -999.103576 -167.976242 0.000000 176.433334 0.000000
-796.828552 -856.031250 -167.968750 0.000000 30.646492 0.000000
-1071.968750 -754.913269 -263.968750 0.000000 49.795967 0.000000
-944.014404 -380.013702 -263.968750 0.000000 -166.208419 0.000000
-936.031250 -247.496932 -363.968750 0.000000 91.571487 0.000000
-893.274414 475.968750 -367.968750 0.000000 -8.119228 0.000000
-606.928649 479.968750 -223.968750 0.000000 -2.449522 0.000000
-463.999664 887.968750 -71.968750 0.000000 -23.926290 0.000000
-1055.849121 397.043518 -79.968750 0.000000 169.261199 0.000000
-1462.263427 667.673828 -47.968750 0.000000 106.899864 0.000000
-1527.066528 680.031250 -47.968750 0.000000 153.190902 0.000000
-1952.003173 838.968750 -23.968750 0.000000 -129.919143 0.000000
-2112.754150 830.015747 -121.657577 0.000000 -116.532493 0.000000
-2316.998535 806.755676 -121.054420 0.000000 -23.131122 0.000000
-2391.930419 597.089477 -127.968750 0.000000 -13.855269 0.000000
-2635.968750 108.196487 -159.596893 0.000000 39.901683 0.000000
-2504.191894 287.180175 -167.968750 0.000000 0.441691 0.000000
-2199.983154 92.969352 -159.968750 0.000000 -17.920177 0.000000
-2001.552734 177.696319 -159.968750 0.000000 39.567752 0.000000
-1554.295288 564.734924 -167.980407 0.000000 -77.937301 0.000000
-1255.445800 520.558959 -161.848236 0.000000 -85.107116 0.000000
-1541.648071 -19.573194 -167.968750 0.000000 165.469375 0.000000
-1872.031250 -305.982025 -167.968750 0.000000 -169.487426 0.000000
-2071.843261 -415.640808 -167.968750 0.000000 -131.174880 0.000000
-2261.174316 -695.999450 -167.968750 0.000000 86.467468 0.000000
-1719.968750 -504.031250 -167.968750 0.000000 7.928548 0.000000
-908.968017 294.968750 -167.456909 0.000000 -86.455406 0.000000
-1103.968750 -56.031250 -167.968750 0.000000 -54.313816 0.000000
-1188.280883 -66.031250 -53.179836 0.000000 -63.254184 0.000000
-1168.333984 -376.888641 -55.968750 0.000000 -81.370521 0.000000
45.186775 -934.968750 -163.250289 0.000000 148.614990 0.000000
-363.968750 -934.344665 -165.114685 0.000000 71.363174 0.000000
161.444839 -924.945251 -163.452468 0.000000 -23.164611 0.000000
393.768493 -758.219665 -167.968750 0.000000 107.641197 0.000000
397.068664 -615.122558 -167.879577 0.000000 116.447799 0.000000
503.188751 -192.772857 -160.000442 0.000000 125.107963 0.000000
166.288696 135.968750 -159.968750 0.000000 -1.932502 0.000000
198.065612 253.689773 -255.968750 0.000000 65.821609 0.000000
177.238143 616.735229 -243.901931 0.000000 136.774948 0.000000
387.076354 677.047241 -257.968750 0.000000 -33.121574 0.000000
574.217773 864.360717 -135.968750 0.000000 -174.873199 0.000000
191.939712 871.968750 -135.968750 0.000000 -146.235519 0.000000
77.924850 871.968750 -135.968750 0.000000 -167.670761 0.000000
948.199951 679.998535 -240.681427 0.000000 -82.087966 0.000000
1346.978393 494.939941 -258.808807 0.000000 -114.423141 0.000000
1309.450317 -8.156754 -167.968750 0.000000 -83.449234 0.000000
1216.779663 -1255.396972 -151.974746 0.000000 85.702713 0.000000
815.399353 -1697.891967 -108.968750 0.000000 147.231094 0.000000
565.393432 -1135.524780 -127.968750 0.000000 -101.008087 0.000000
463.971801 -1435.939941 -175.968750 0.000000 168.074935 0.000000
182.999664 -1711.556396 -167.968750 0.000000 -171.665161 0.000000
-142.968750 -1418.151489 -72.132698 0.000000 -77.569915 0.000000
-281.961975 -1529.052490 -167.968750 0.000000 -175.286346 0.000000
-359.676971 -1547.146606 -167.968750 0.000000 -92.996475 0.000000
-512.877075 -1316.477172 -159.968750 0.000000 -74.701126 0.000000
110.331710 -1938.008300 -167.968750 0.000000 -58.012790 0.000000
123.926620 -2047.719726 -167.968750 0.000000 -106.330482 0.000000
-239.459152 -2371.350097 -167.698120 0.000000 173.159454 0.000000
-389.367980 -2390.433837 -163.970825 0.000000 138.745559 0.000000
-788.474365 -2528.339843 -167.968750 0.000000 134.973709 0.000000
-927.559936 -2556.145263 -167.968750 0.000000 -73.265197 0.000000
62.515342 -2353.418701 -39.968750 0.000000 3.084952 0.000000
291.010162 -1991.246459 -39.968750 0.000000 16.787878 0.000000
681.961242 -2147.398925 -39.968750 0.000000 -34.063152 0.000000
1041.466308 -2337.876953 -39.968750 0.000000 14.039080 0.000000
1042.986938 -1792.133544 -71.968750 0.000000 114.346549 0.000000
912.363769 -1409.549072 -167.968750 0.000000 10.300365 0.000000
1356.198364 -1478.087402 -167.968750 0.000000 58.749767 0.000000
