14.461935 -292.861877 -171.968750 0.000000 -76.078788 0.000000
540.547302 916.881103 -479.968750 0.000000 -63.738265 0.000000
114.870635 -120.223899 -415.968750 0.000000 -12.457214 0.000000
943.968750 -1359.968750 -767.968750 0.000000 131.021697 0.000000
865.424316 -272.000427 -767.968750 0.000000 -90.920333 0.000000
943.968750 -1319.968750 -639.968750 0.000000 135.473114 0.000000
1359.987060 -310.031250 -415.968750 0.000000 -144.974563 0.000000
1040.031250 -634.008239 -415.968750 0.000000 -37.361049 0.000000
176.031250 -1135.968750 -383.968750 0.000000 60.416057 0.000000
398.998321 -1455.968750 -415.968750 0.000000 91.849281 0.000000
1040.003051 -512.021789 -189.765945 0.000000 -44.627784 0.000000
1040.017089 -1035.626708 -415.968750 0.000000 2.975713 0.000000
881.297729 -1455.968750 -415.968750 0.000000 98.589874 0.000000
223.075042 -1341.540039 -415.968750 0.000000 120.690681 0.000000
197.314285 -688.031250 -415.968750 0.000000 -93.776184 0.000000
207.968750 -688.012207 -287.968750 0.000000 -145.146652 0.000000
-447.658843 -1095.342895 -415.968750 0.000000 32.911621 0.000000
-331.584686 -820.459472 -415.968750 0.000000 -96.991546 0.000000
-311.812805 -1201.637939 -415.968750 0.000000 -89.441291 0.000000
530.844543 -1566.039550 -639.968750 0.000000 -12.883749 0.000000
541.974304 -2.995429 -639.968750 0.000000 68.887481 0.000000
1460.859252 -318.668090 -415.968750 0.000000 -49.886833 0.000000
803.038146 -1753.829467 -415.968750 0.000000 129.132522 0.000000
2070.421142 -2294.359130 -415.968750 0.000000 129.530090 0.000000
382.402648 -1257.062866 -415.968811 0.000000 142.366333 0.000000
599.555297 -332.503692 -415.968750 0.000000 269.631958 0.000000
935.992248 -270.083496 -639.968750 0.000000 4.623071 0.000000
1347.985107 -547.968750 -103.968750 0.000000 285.430297 0.000000
298.799377 -743.755187 -120.968750 0.000000 259.470214 0.000000
1465.914794 -2066.443359 -415.968780 0.000000 312.758178 0.000000
465.090057 -288.469848 -767.968750 0.000000 -104.437103 0.000000
1192.713134 -961.462829 -767.968750 0.000000 205.620117 0.000000
2656.441162 -581.797607 -351.899688 0.000000 97.860717 0.000000
1096.915161 -1912.160766 -639.968750 0.000000 46.080165 0.000000
1639.036865 -1636.002685 -415.968750 0.000000 299.536743 0.000000
-205.968750 -357.031250 -415.968750 0.000000 -35.891017 0.000000
481.599243 185.968750 -415.968750 0.000000 279.964599 0.000000
83.865425 -635.968750 -415.968750 0.000000 90.838012 0.000000
339.984710 -352.031250 -415.968750 0.000000 299.146728 0.000000
528.032592 -1744.790039 -415.968750 0.000000 56.351753 0.000000
358.786804 -1281.549072 -639.968750 0.000000 42.984008 0.000000
1015.991760 -592.436767 -639.968750 0.000000 164.278564 0.000000
556.031250 -97.004432 -639.968750 0.000000 297.811889 0.000000
508.019622 -163.968750 -415.968750 0.000000 80.255126 0.000000
1214.968750 111.979759 -415.968750 0.000000 231.026000 0.000000
1259.968750 -323.757415 -127.968750 0.000000 -122.550994 0.000000
1047.395996 -512.031250 -103.968750 0.000000 309.633178 0.000000
313.502075 -295.588714 -127.968750 0.000000 321.168823 0.000000
1327.993896 -292.021636 -239.968750 0.000000 -33.590236 0.000000
755.219299 -1352.738037 -767.968750 0.000000 110.088500 0.000000
1285.843383 -2211.312988 -415.968750 0.000000 301.750488 0.000000
2094.548828 -1735.476562 -415.968780 0.000000 167.915039 0.000000
2180.726806 -1663.583251 -407.968750 0.000000 91.417236 0.000000
-2377.732177 -1239.548583 -407.968750 0.000000 144.871215 0.000000
177.681793 -571.831359 -171.968750 0.000000 178.516845 0.000000
452.735290 -1001.886047 -391.968750 0.000000 217.886352 0.000000
241.668365 -231.225341 -415.968750 0.000000 137.576293 0.000000
5.031250 -296.272033 -415.968750 0.000000 306.331787 0.000000
2791.968750 -280.031250 -351.970428 0.000000 215.332031 0.000000
3162.031250 -1069.968750 -303.968750 0.000000 57.579345 0.000000
3497.968750 -378.498687 -344.124206 0.000000 176.698608 0.000000
1583.968750 -2447.968750 -559.968750 0.000000 138.306884 0.000000
1464.031250 -2223.968750 -639.968750 0.000000 57.194824 0.000000
340.031250 -560.031250 -767.968750 0.000000 319.927368 0.000000
728.672424 -100.928649 -639.968750 0.000000 276.748657 0.000000
944.673217 -220.657272 -415.968750 0.000000 147.041015 0.000000
34.031250 -1671.968750 -767.968750 0.000000 32.823368 0.000000
2477.968750 -1710.968750 -407.968750 0.000000 143.395355 0.000000
2477.977294 -1406.031250 -407.030029 0.000000 219.545288 0.000000
-1163.061035 -876.031250 -416.027648 0.000000 -79.960556 0.000000
394.768188 -1590.567504 -415.968780 0.000000 270.252685 0.000000
1294.968750 -1441.500732 -415.969146 0.000000 233.228759 0.000000
1319.968750 -643.968750 -637.968750 0.000000 134.373382 0.000000
659.210021 -2158.577148 -415.978302 0.000000 35.206809 0.000000
1942.876953 -879.968750 -351.982940 0.000000 159.154800 0.000000
-32.000091 -1408.031250 -415.969055 0.000000 247.252807 0.000000
235.821212 -973.585266 -95.968750 0.000000 -139.737960 0.000000
283.968750 -1200.031250 -415.968750 0.000000 202.648315 0.000000
-255.997039 -1270.214477 -415.968750 0.000000 359.494628 0.000000
1647.968750 -1800.031250 -639.968750 0.000000 231.218261 0.000000
1040.031250 -759.968750 -415.968750 0.000000 38.212688 0.000000
815.968750 -1552.031250 -415.968750 0.000000 205.927734 0.000000
1760.130004 -2327.968750 -415.968750 0.000000 107.942253 0.000000
1441.699707 -1711.968750 -414.706298 0.000000 75.223999 0.000000
879.996520 28.031250 -639.968750 0.000000 141.663208 0.000000
324.031250 719.968750 -479.968750 0.000000 331.210327 0.000000
1058.624877 -542.580200 -415.968750 0.000000 48.019031 0.000000
625.980468 -297.507629 -127.968750 0.000000 -88.375984 0.000000
235.994400 -1065.695434 -287.968750 0.000000 132.753295 0.000000
176.968750 -1939.531250 -415.969055 0.000000 222.242431 0.000000
877.540100 -325.172760 -413.968750 0.000000 -131.757598 0.000000
717.019470 934.968750 -479.968750 0.000000 -95.278923 0.000000
97.000488 -1397.381225 -775.968750 0.000000 344.844360 0.000000
