-1336.031250 493.881805 480.031250 0.000000 141.915679 0.000000
-2162.031250 33.068061 405.377563 0.000000 -164.121643 0.000000
-3228.000244 -358.968750 536.031250 0.000000 152.976104 0.000000
-3402.031250 -1040.025390 510.073516 0.000000 -148.620666 0.000000
-3556.512939 -2517.221679 476.404388 0.000000 56.332931 0.000000
-2852.031250 -2985.868652 481.832733 0.000000 84.894287 0.000000
-1840.031250 -2603.968750 420.379119 0.000000 131.161514 0.000000
-2347.681640 -1630.362670 484.837615 0.000000 -98.738616 0.000000
-1592.031250 -1944.031250 336.031250 0.000000 -137.771911 0.000000
-1703.955810 -3208.000000 312.031250 0.000000 -0.119873 0.000000
-432.031250 -2681.572753 152.022705 0.000000 160.132720 0.000000
15.968750 -1876.031250 176.031250 0.000000 -134.407958 0.000000
-97.789962 -1551.969482 60.489917 0.000000 142.491729 0.000000
-148.348449 225.518325 37.794471 0.000000 -137.178771 0.000000
-1494.885498 575.214355 26.452226 0.000000 -66.834899 0.000000
-1808.031250 -735.968750 128.031250 0.000000 121.260406 0.000000
-2069.968750 501.519287 256.031250 0.000000 33.274520 0.000000
-1744.009643 1311.968750 355.446899 0.000000 -99.283172 0.000000
-3171.968750 -1040.001708 527.555480 0.000000 -36.858249 0.000000
