-872.031250 1120.031250 -223.968750 0.000000 156.806640 0.000000
-617.366577 818.218505 -215.968750 0.000000 138.216888 0.000000
1364.918579 -1594.056152 -351.968750 0.000000 132.075546 0.000000
75.633819 -1294.628784 -286.968750 0.000000 -148.328277 0.000000
-495.968750 -1342.348999 -346.850280 0.000000 31.580200 0.000000
-495.992919 -960.031250 -351.980926 0.000000 -51.268497 0.000000
1383.968750 -960.031250 -351.968750 0.000000 -133.121917 0.000000
871.544250 -1717.703247 -198.968750 0.000000 58.300758 0.000000
-495.875488 -1469.687133 -350.711639 0.000000 -2.703361 0.000000
-324.131896 1236.029541 -136.949279 0.000000 106.160888 0.000000
-559.186767 1671.319580 -209.968750 0.000000 -82.632339 0.000000
-465.710144 1255.480590 -86.902038 0.000000 88.847068 0.000000
119.043632 1295.802490 -212.837005 0.000000 46.364479 0.000000
631.631042 1442.142822 -223.968750 0.000000 160.207733 0.000000
1276.031250 1775.716796 -220.655746 0.000000 273.251953 0.000000
1535.968750 1775.968750 -223.968750 0.000000 224.280395 0.000000
1497.305786 1444.587158 -223.968750 0.000000 127.940948 0.000000
996.031250 1436.031250 -223.968750 0.000000 40.627441 0.000000
1503.973144 659.188659 -215.968750 0.000000 179.674682 0.000000
1940.045410 561.918212 -215.968750 0.000000 -136.197860 0.000000
2005.180541 -1037.123535 -318.325012 0.000000 145.720275 0.000000
1458.001831 -1554.968750 -314.445709 0.000000 34.804687 0.000000
1475.830932 -972.185791 -311.487304 0.000000 -35.902961 0.000000
1946.452514 -1273.496337 -303.968750 0.000000 179.469085 0.000000
1066.499389 -580.038940 -216.331085 0.000000 -138.317245 0.000000
-1043.968750 -1775.968750 -151.968750 0.000000 41.602478 0.000000
1991.055908 -335.347747 -215.968750 0.000000 -121.564361 0.000000
1790.238525 130.303939 -223.968750 0.000000 56.813850 0.000000
529.437133 -33.673126 -131.927474 0.000000 60.842285 0.000000
-251.717269 -278.874664 -215.968750 0.000000 32.994338 0.000000
439.635620 -629.384399 -226.113342 0.000000 57.731189 0.000000
-739.617858 -335.967193 -215.968750 0.000000 -16.793117 0.000000
-462.982849 644.053039 -215.968750 0.000000 -48.902385 0.000000
-40.286560 675.027160 -215.968750 0.000000 -164.078582 0.000000
374.779052 -1278.105224 -355.968750 0.000000 -142.282409 0.000000
432.261932 -444.152435 -215.178237 0.000000 -37.026050 0.000000
620.031250 -381.709503 40.031250 0.000000 45.747070 0.000000
828.067321 -449.417236 40.031250 0.000000 122.201812 0.000000
-987.216430 334.620300 -215.968750 0.000000 41.916625 0.000000
-593.016235 319.532257 -215.968750 0.000000 139.190032 0.000000
-939.968750 767.968750 -215.968750 0.000000 333.583374 0.000000
-625.133605 721.263488 32.031250 0.000000 -154.174713 0.000000
-1159.999511 -1351.968750 -20.718780 0.000000 53.964843 0.000000
-1159.968750 -524.031250 -95.968750 0.000000 349.244384 0.000000
-358.664398 -414.945343 -215.968750 0.000000 136.786392 0.000000
1123.089111 575.363952 -215.968750 0.000000 -148.369338 0.000000
958.968750 735.987121 -211.968750 0.000000 221.336059 0.000000
480.056518 705.098022 -211.968750 0.000000 -17.095800 0.000000
1007.968750 287.968750 -215.968750 0.000000 -130.307907 0.000000
950.604797 -367.971160 -211.968750 0.000000 131.563491 0.000000
1999.968750 -1784.968750 -319.968750 0.000000 152.506713 0.000000
-912.031250 -1288.031250 -151.968750 0.000000 240.457763 0.000000
-1047.999633 -1497.031250 -151.968750 0.000000 359.181518 0.000000
-912.004760 -1153.355834 -146.922256 0.000000 94.570312 0.000000
-895.968750 914.916198 32.031250 0.000000 297.401123 0.000000
