-1423.968750 -824.968750 11776.031250 0.000000 58.562622 0.000000
-1599.968750 -663.968750 11776.031250 0.000000 33.898315 0.000000
-1216.031250 -568.031250 11776.031250 0.000000 206.284790 0.000000
-1216.031250 -824.968750 11776.031250 0.000000 123.898315 0.000000
-1216.031250 -816.968750 11488.031250 0.000000 149.837036 0.000000
-1413.968750 -615.999084 11488.031250 0.000000 66.983642 0.000000
-1310.031250 -462.968750 11488.031250 0.000000 121.431884 0.000000
-1612.968750 125.983772 11488.031250 0.000000 326.755371 0.000000
-1727.968750 -194.954406 11488.781250 0.000000 281.041259 0.000000
-1688.028808 -591.968750 11552.031250 0.000000 117.443847 0.000000
-1777.224731 192.968750 11552.031250 0.000000 217.172241 0.000000
-1776.031250 -335.999572 11553.031250 0.000000 130.929565 0.000000
-1776.031250 192.968750 11553.031250 0.000000 216.293334 0.000000
-2056.968750 -334.968750 11607.031250 0.000000 51.223754 0.000000
-2487.968750 197.968750 11552.031250 0.000000 291.049804 0.000000
-2520.872314 -176.635192 11552.031250 0.000000 50.416259 0.000000
-2151.031250 439.968750 11776.031250 0.000000 225.280151 0.000000
-2151.031250 212.031250 11776.031250 0.000000 155.313720 0.000000
-1623.031250 536.023559 11776.031250 0.000000 143.959350 0.000000
-1423.013671 693.807556 11777.259765 0.000000 145.015258 0.000000
-973.413330 442.031250 11778.784179 0.000000 147.650756 0.000000
-746.031250 941.968750 11776.031250 0.000000 220.973510 0.000000
-690.031250 806.968750 11783.031250 0.000000 236.151123 0.000000
-783.968750 144.031250 11776.031250 0.000000 346.085815 0.000000
-610.151794 -39.968750 11776.031250 0.000000 124.123535 0.000000
-863.968750 47.673763 11776.031250 0.000000 316.560058 0.000000
-656.000366 -108.031250 11776.031250 0.000000 258.195190 0.000000
-657.002014 -385.968750 11776.031250 0.000000 146.145629 0.000000
-1065.968750 -457.968750 11776.031250 0.000000 46.812744 0.000000
-843.031250 92.031250 11776.031250 0.000000 155.604858 0.000000
-1389.968750 411.924468 11776.031250 0.000000 274.850463 0.000000
-2046.968750 438.968750 11784.031250 0.000000 319.246215 0.000000
-2046.968750 101.031250 11776.031250 0.000000 19.874267 0.000000
-2046.968750 -39.968750 11868.031250 0.000000 22.335205 0.000000
-1680.004150 19.968750 11776.031250 0.000000 232.783813 0.000000
-1969.968750 -273.530853 11799.031250 0.000000 52.827758 0.000000
-1716.031250 -295.968750 11791.125976 0.000000 100.063476 0.000000
-2046.999145 77.503349 11868.031250 0.000000 331.193847 0.000000
-1467.968750 88.000869 11776.031250 0.000000 51.113891 0.000000
-843.031250 335.595977 11819.031250 0.000000 212.437133 0.000000
-1073.995361 -471.968750 11488.031250 0.000000 41.264648 0.000000
-591.818115 -77.031250 11494.031250 0.000000 220.462646 0.000000
-634.031250 -471.968750 11497.419921 0.000000 193.930664 0.000000
-656.005676 -528.031250 11528.040039 0.000000 217.117309 0.000000
-962.044677 -544.375671 11593.087890 0.000000 271.148071 0.000000
-1135.968750 -1221.968750 11776.031250 0.000000 26.350708 0.000000
-1047.968750 -1479.968750 11776.031250 0.000000 30.684814 0.000000
-88.031250 -1455.968750 11776.031250 0.000000 114.526977 0.000000
-112.031250 -538.031250 11776.022460 0.000000 226.422729 0.000000
-63.066535 -354.968750 11776.031250 0.000000 194.193115 0.000000
-63.002655 -433.968750 11831.031250 0.000000 129.830932 0.000000
-325.968750 -79.031250 11776.031250 0.000000 286.210327 0.000000
-86.031250 138.968750 11776.031250 0.000000 232.119140 0.000000
-187.031250 238.968750 11783.031250 0.000000 254.805908 0.000000
-467.790252 92.838897 11776.031250 0.000000 38.276367 0.000000
-297.473846 -38.968750 11873.031250 0.000000 89.615478 0.000000
-2128.031250 197.968750 11616.331054 0.000000 243.286743 0.000000
-2471.968750 501.326416 11744.031250 0.000000 355.177001 0.000000
-1394.031250 590.937561 11873.531250 0.000000 215.343017 0.000000
-347.006103 -682.811096 11774.130859 0.000000 260.112304 0.000000
-914.888916 -788.968750 11776.031250 0.000000 14.177856 0.000000
-1055.968750 -528.031250 11776.031250 0.000000 300.252075 0.000000
-1135.968750 -592.031250 11776.031250 0.000000 316.433715 0.000000
-1165.968750 -1039.988159 11776.031250 0.000000 70.213623 0.000000
-56.031250 -730.031250 11776.031250 0.000000 204.318237 0.000000
-768.031250 -464.968750 11819.031250 0.000000 110.527954 0.000000
-1672.031250 935.885192 11786.031250 0.000000 190.744628 0.000000
-2599.467529 1083.488403 11755.820312 0.000000 321.558837 0.000000
-2470.983398 -295.968750 11664.031250 0.000000 65.258789 0.000000
-2128.031250 -295.968750 11616.031250 0.000000 109.764404 0.000000
-2352.968750 -432.031250 11488.031250 0.000000 334.187622 0.000000
-1966.311523 -727.031250 11488.031250 0.000000 205.686035 0.000000
-2030.001098 -657.010314 11556.031250 0.000000 225.812988 0.000000
-1300.031250 -1512.968750 11488.031250 0.000000 146.431274 0.000000
-1227.031250 -1094.008666 11488.031250 0.000000 201.835327 0.000000
-2439.968750 -1510.968750 11488.031250 0.000000 58.430786 0.000000
-2500.968750 -727.030212 11543.031250 0.000000 327.403564 0.000000
-1758.031250 -677.031250 11776.031250 0.000000 223.055419 0.000000
-1722.001342 -1479.968750 11776.031250 0.000000 134.434204 0.000000
-2495.973144 -1483.968750 11776.031250 0.000000 49.779052 0.000000
-2507.968750 -592.031250 11776.031250 0.000000 314.236450 0.000000
-2046.881225 -403.031250 11776.031250 0.000000 322.619018 0.000000
-1320.031250 -495.968750 11776.031250 0.000000 136.763305 0.000000
-1370.002563 7.968750 11776.031250 0.000000 222.066650 0.000000
-1567.953613 7.968750 11776.031250 0.000000 268.571777 0.000000
-1567.968750 953.660583 11776.031250 0.000000 320.223999 0.000000
-920.031250 -1095.833129 11648.031250 0.000000 87.149047 0.000000
-2124.031250 1008.458557 11744.210937 0.000000 239.655761 0.000000
-2312.715820 -148.194747 11684.031250 0.000000 90.961303 0.000000
-1977.968750 -1037.984497 11488.031250 0.000000 79.216918 0.000000
-1491.031250 -961.968750 11488.031250 0.000000 123.151245 0.000000
-1641.968750 -939.132507 11488.740234 0.000000 75.915527 0.000000
-1641.997802 -528.031250 11488.031250 0.000000 345.959472 0.000000
-1317.031250 -471.968750 11488.031250 0.000000 153.193359 0.000000
-1612.968750 125.971321 11488.031250 0.000000 300.970458 0.000000
-1425.031250 151.968750 11489.031250 0.000000 237.086181 0.000000
-1664.001342 -179.031250 11488.031250 0.000000 267.973022 0.000000
-1688.031250 -591.968750 11552.031250 0.000000 107.583618 0.000000
-2056.968750 248.968750 11552.031250 0.000000 306.749267 0.000000
