-1636.993774 -1708.768432 -266.142456 0.000000 -24.592044 0.000000
-1604.947998 -2101.085693 -262.558135 0.000000 -54.204059 0.000000
-931.245056 -2549.138427 -167.968750 0.000000 -0.154939 0.000000
-182.412475 -2350.989501 -167.968750 0.000000 -68.787803 0.000000
41.528217 -2000.483764 -167.968750 0.000000 27.515262 0.000000
178.430175 -2339.049316 -39.968750 0.000000 137.767898 0.000000
656.402709 -1990.948730 -39.968750 0.000000 -23.671964 0.000000
1025.851318 -2340.726806 -39.968868 0.000000 169.957778 0.000000
1345.011718 -1479.968750 -167.968750 0.000000 165.655883 0.000000
1314.151489 -487.611663 -167.968750 0.000000 -134.924011 0.000000
1239.999145 -1255.452514 -151.968750 0.000000 -176.656402 0.000000
-1656.686279 -1006.606384 -207.119384 0.000000 -54.116027 0.000000
-1924.496948 -327.299468 -167.968948 0.000000 88.135818 0.000000
-2343.278076 -692.616577 -167.968948 0.000000 84.827842 0.000000
-2415.968750 -196.387939 -159.828048 0.000000 -5.988139 0.000000
-1575.462036 -227.417770 -160.885543 0.000000 156.195861 0.000000
-1600.031250 596.372802 -167.968750 0.000000 -119.042877 0.000000
-1992.963623 291.035034 -159.968750 0.000000 -2.820168 0.000000
-515.002075 -1344.085449 -153.496032 0.000000 -106.578926 0.000000
-417.783721 -1565.716796 -39.968750 0.000000 -14.491953 0.000000
-539.540283 -1210.748413 -167.968750 0.000000 -16.596427 0.000000
-1247.723510 -1526.989379 -151.718536 0.000000 85.759979 0.000000
-1230.769409 -475.260711 -95.968750 0.000000 -25.700063 0.000000
-1199.999755 -65.531242 -53.353912 0.000000 -28.956092 0.000000
-888.167541 86.510047 -165.968750 0.000000 170.364151 0.000000
-363.968750 -933.650390 -165.188629 0.000000 101.856063 0.000000
98.551010 -924.393676 -39.968750 0.000000 144.924133 0.000000
531.188537 621.197509 -135.968750 0.000000 -122.541664 0.000000
99.968750 871.997985 -135.968750 0.000000 -175.035552 0.000000
161.031250 622.869201 -241.269256 0.000000 9.135099 0.000000
1101.505859 627.088439 -260.235961 0.000000 -82.448135 0.000000
1334.473144 497.708953 -259.615600 0.000000 -96.855354 0.000000
1163.452270 47.554748 -166.943572 0.000000 -73.447746 0.000000
431.367706 -1479.439331 -175.968750 0.000000 -84.235824 0.000000
560.812011 -1128.031250 -127.968750 0.000000 -19.968833 0.000000
815.968750 -1717.654174 -108.968750 0.000000 160.264755 0.000000
1105.495971 -1247.271850 -108.968750 0.000000 84.127006 0.000000
1162.556030 176.463317 -209.205001 0.000000 -88.080993 0.000000
184.009597 250.124023 -255.968750 0.000000 45.539077 0.000000
503.517669 -168.031250 -159.988586 0.000000 -117.392990 0.000000
-1033.712768 -753.018371 -120.976654 0.000000 98.405174 0.000000
